    0.10000E-03    0.32400E+03
    0.10202E-03    0.33028E+03
    0.10408E-03    0.33668E+03
    0.10618E-03    0.34320E+03
    0.10833E-03    0.34985E+03
    0.11052E-03    0.35663E+03
    0.11275E-03    0.36353E+03
    0.11503E-03    0.37058E+03
    0.11735E-03    0.37775E+03
    0.11972E-03    0.38507E+03
    0.12214E-03    0.39253E+03
    0.12461E-03    0.40013E+03
    0.12712E-03    0.40788E+03
    0.12969E-03    0.41578E+03
    0.13231E-03    0.42384E+03
    0.13499E-03    0.43204E+03
    0.13771E-03    0.44041E+03
    0.14049E-03    0.44894E+03
    0.14333E-03    0.45763E+03
    0.14623E-03    0.46649E+03
    0.14918E-03    0.47553E+03
    0.15220E-03    0.48473E+03
    0.15527E-03    0.49412E+03
    0.15841E-03    0.50368E+03
    0.16161E-03    0.51343E+03
    0.16487E-03    0.52337E+03
    0.16820E-03    0.53350E+03
    0.17160E-03    0.54383E+03
    0.17507E-03    0.55436E+03
    0.17860E-03    0.56508E+03
    0.18221E-03    0.57602E+03
    0.18589E-03    0.58716E+03
    0.18965E-03    0.59852E+03
    0.19348E-03    0.61010E+03
    0.19739E-03    0.62191E+03
    0.20138E-03    0.63394E+03
    0.20544E-03    0.64620E+03
    0.20959E-03    0.65870E+03
    0.21383E-03    0.67143E+03
    0.21815E-03    0.68442E+03
    0.22255E-03    0.69765E+03
    0.22705E-03    0.71114E+03
    0.23164E-03    0.72488E+03
    0.23632E-03    0.73889E+03
    0.24109E-03    0.75317E+03
    0.24596E-03    0.76773E+03
    0.25093E-03    0.78256E+03
    0.25600E-03    0.79768E+03
    0.26117E-03    0.81309E+03
    0.26645E-03    0.82879E+03
    0.27183E-03    0.84479E+03
    0.27732E-03    0.86111E+03
    0.28292E-03    0.87773E+03
    0.28864E-03    0.89467E+03
    0.29447E-03    0.91194E+03
    0.30042E-03    0.92953E+03
    0.30649E-03    0.94746E+03
    0.31268E-03    0.96574E+03
    0.31899E-03    0.98436E+03
    0.32544E-03    0.10033E+04
    0.33201E-03    0.10227E+04
    0.33872E-03    0.10424E+04
    0.34556E-03    0.10625E+04
    0.35254E-03    0.10829E+04
    0.35966E-03    0.11038E+04
    0.36693E-03    0.11250E+04
    0.37434E-03    0.11467E+04
    0.38190E-03    0.11688E+04
    0.38962E-03    0.11912E+04
    0.39749E-03    0.12141E+04
    0.40552E-03    0.12375E+04
    0.41371E-03    0.12613E+04
    0.42207E-03    0.12855E+04
    0.43060E-03    0.13102E+04
    0.43929E-03    0.13353E+04
    0.44817E-03    0.13610E+04
    0.45722E-03    0.13871E+04
    0.46646E-03    0.14137E+04
    0.47588E-03    0.14408E+04
    0.48550E-03    0.14684E+04
    0.49530E-03    0.14965E+04
    0.50531E-03    0.15252E+04
    0.51552E-03    0.15543E+04
    0.52593E-03    0.15841E+04
    0.53656E-03    0.16143E+04
    0.54739E-03    0.16452E+04
    0.55845E-03    0.16766E+04
    0.56973E-03    0.17086E+04
    0.58124E-03    0.17412E+04
    0.59299E-03    0.17744E+04
    0.60496E-03    0.18082E+04
    0.61719E-03    0.18426E+04
    0.62965E-03    0.18777E+04
    0.64237E-03    0.19134E+04
    0.65535E-03    0.19498E+04
    0.66859E-03    0.19868E+04
    0.68210E-03    0.20245E+04
    0.69588E-03    0.20629E+04
    0.70993E-03    0.21020E+04
    0.72427E-03    0.21418E+04
    0.73891E-03    0.21823E+04
    0.75383E-03    0.22236E+04
    0.76906E-03    0.22656E+04
    0.78460E-03    0.23083E+04
    0.80045E-03    0.23518E+04
    0.81662E-03    0.23961E+04
    0.83311E-03    0.24412E+04
    0.84994E-03    0.24871E+04
    0.86711E-03    0.25338E+04
    0.88463E-03    0.25813E+04
    0.90250E-03    0.26297E+04
    0.92073E-03    0.26789E+04
    0.93933E-03    0.27290E+04
    0.95831E-03    0.27800E+04
    0.97767E-03    0.28319E+04
    0.99742E-03    0.28846E+04
    0.10176E-02    0.29383E+04
    0.10381E-02    0.29929E+04
    0.10591E-02    0.30484E+04
    0.10805E-02    0.31049E+04
    0.11023E-02    0.31624E+04
    0.11246E-02    0.32209E+04
    0.11473E-02    0.32803E+04
    0.11705E-02    0.33407E+04
    0.11941E-02    0.34022E+04
    0.12182E-02    0.34647E+04
    0.12429E-02    0.35282E+04
    0.12680E-02    0.35928E+04
    0.12936E-02    0.36584E+04
    0.13197E-02    0.37251E+04
    0.13464E-02    0.37929E+04
    0.13736E-02    0.38619E+04
    0.14013E-02    0.39319E+04
    0.14296E-02    0.40031E+04
    0.14585E-02    0.40754E+04
    0.14880E-02    0.41488E+04
    0.15180E-02    0.42234E+04
    0.15487E-02    0.42992E+04
    0.15800E-02    0.43762E+04
    0.16119E-02    0.44543E+04
    0.16445E-02    0.45337E+04
    0.16777E-02    0.46142E+04
    0.17116E-02    0.46960E+04
    0.17462E-02    0.47791E+04
    0.17814E-02    0.48633E+04
    0.18174E-02    0.49488E+04
    0.18541E-02    0.50356E+04
    0.18916E-02    0.51237E+04
    0.19298E-02    0.52130E+04
    0.19688E-02    0.53036E+04
    0.20086E-02    0.53954E+04
    0.20491E-02    0.54886E+04
    0.20905E-02    0.55831E+04
    0.21328E-02    0.56788E+04
    0.21758E-02    0.57759E+04
    0.22198E-02    0.58743E+04
    0.22646E-02    0.59740E+04
    0.23104E-02    0.60750E+04
    0.23571E-02    0.61773E+04
    0.24047E-02    0.62810E+04
    0.24533E-02    0.63859E+04
    0.25028E-02    0.64922E+04
    0.25534E-02    0.65998E+04
    0.26050E-02    0.67087E+04
    0.26576E-02    0.68188E+04
    0.27113E-02    0.69303E+04
    0.27660E-02    0.70431E+04
    0.28219E-02    0.71572E+04
    0.28789E-02    0.72726E+04
    0.29371E-02    0.73892E+04
    0.29964E-02    0.75071E+04
    0.30569E-02    0.76263E+04
    0.31187E-02    0.77467E+04
    0.31817E-02    0.78683E+04
    0.32460E-02    0.79912E+04
    0.33115E-02    0.81152E+04
    0.33784E-02    0.82404E+04
    0.34467E-02    0.83668E+04
    0.35163E-02    0.84943E+04
    0.35874E-02    0.86230E+04
    0.36598E-02    0.87527E+04
    0.37338E-02    0.88835E+04
    0.38092E-02    0.90154E+04
    0.38861E-02    0.91482E+04
    0.39646E-02    0.92821E+04
    0.40447E-02    0.94169E+04
    0.41264E-02    0.95526E+04
    0.42098E-02    0.96892E+04
    0.42948E-02    0.98266E+04
    0.43816E-02    0.99650E+04
    0.44701E-02    0.10104E+05
    0.45604E-02    0.10243E+05
    0.46525E-02    0.10383E+05
    0.47465E-02    0.10526E+05
    0.48424E-02    0.10669E+05
    0.49402E-02    0.10805E+05
    0.50400E-02    0.10935E+05
    0.51419E-02    0.11070E+05
    0.52457E-02    0.11213E+05
    0.53517E-02    0.11358E+05
    0.54598E-02    0.11501E+05
    0.55701E-02    0.11643E+05
    0.56826E-02    0.11787E+05
    0.57974E-02    0.11930E+05
    0.59145E-02    0.12073E+05
    0.60340E-02    0.12216E+05
    0.61559E-02    0.12359E+05
    0.62803E-02    0.12501E+05
    0.64072E-02    0.12643E+05
    0.65366E-02    0.12785E+05
    0.66686E-02    0.12926E+05
    0.68033E-02    0.13066E+05
    0.69408E-02    0.13205E+05
    0.70810E-02    0.13344E+05
    0.72240E-02    0.13481E+05
    0.73700E-02    0.13617E+05
    0.75189E-02    0.13752E+05
    0.76708E-02    0.13886E+05
    0.78257E-02    0.14018E+05
    0.79838E-02    0.14148E+05
    0.81451E-02    0.14277E+05
    0.83096E-02    0.14405E+05
    0.84775E-02    0.14531E+05
    0.86488E-02    0.14655E+05
    0.88235E-02    0.14776E+05
    0.90017E-02    0.14895E+05
    0.91836E-02    0.15011E+05
    0.93691E-02    0.15125E+05
    0.95583E-02    0.15236E+05
    0.97514E-02    0.15344E+05
    0.99484E-02    0.15448E+05
    0.10149E-01    0.15551E+05
    0.10354E-01    0.15649E+05
    0.10564E-01    0.15741E+05
    0.10777E-01    0.15827E+05
    0.10995E-01    0.15910E+05
    0.11217E-01    0.15992E+05
    0.11443E-01    0.16070E+05
    0.11675E-01    0.16143E+05
    0.11910E-01    0.16212E+05
    0.12151E-01    0.16276E+05
    0.12397E-01    0.16334E+05
    0.12647E-01    0.16387E+05
    0.12902E-01    0.16438E+05
    0.13163E-01    0.16485E+05
    0.13429E-01    0.16525E+05
    0.13700E-01    0.16557E+05
    0.13977E-01    0.16581E+05
    0.14259E-01    0.16601E+05
    0.14547E-01    0.16614E+05
    0.14841E-01    0.16621E+05
    0.15141E-01    0.16620E+05
    0.15447E-01    0.16611E+05
    0.15759E-01    0.16596E+05
    0.16077E-01    0.16575E+05
    0.16402E-01    0.16546E+05
    0.16734E-01    0.16510E+05
    0.17072E-01    0.16467E+05
    0.17416E-01    0.16416E+05
    0.17768E-01    0.16357E+05
    0.18127E-01    0.16291E+05
    0.18493E-01    0.16217E+05
    0.18867E-01    0.16135E+05
    0.19248E-01    0.16045E+05
    0.19637E-01    0.15947E+05
    0.20034E-01    0.15841E+05
    0.20438E-01    0.15727E+05
    0.20851E-01    0.15606E+05
    0.21272E-01    0.15477E+05
    0.21702E-01    0.15340E+05
    0.22141E-01    0.15196E+05
    0.22588E-01    0.15044E+05
    0.23044E-01    0.14885E+05
    0.23510E-01    0.14719E+05
    0.23985E-01    0.14546E+05
    0.24469E-01    0.14367E+05
    0.24964E-01    0.14182E+05
    0.25468E-01    0.13991E+05
    0.25982E-01    0.13794E+05
    0.26507E-01    0.13592E+05
    0.27043E-01    0.13385E+05
    0.27589E-01    0.13172E+05
    0.28146E-01    0.12954E+05
    0.28715E-01    0.12732E+05
    0.29295E-01    0.12509E+05
    0.29887E-01    0.12283E+05
    0.30490E-01    0.12056E+05
    0.31106E-01    0.11828E+05
    0.31735E-01    0.11600E+05
    0.32376E-01    0.11371E+05
    0.33030E-01    0.11144E+05
    0.33697E-01    0.10918E+05
    0.34378E-01    0.10693E+05
    0.35072E-01    0.10471E+05
    0.35781E-01    0.10252E+05
    0.36504E-01    0.10036E+05
    0.37241E-01    0.98235E+04
    0.37993E-01    0.96156E+04
    0.38761E-01    0.94125E+04
    0.39544E-01    0.92148E+04
    0.40343E-01    0.90229E+04
    0.41158E-01    0.88372E+04
    0.41989E-01    0.86581E+04
    0.42838E-01    0.84861E+04
    0.43703E-01    0.83212E+04
    0.44586E-01    0.81638E+04
    0.45486E-01    0.80137E+04
    0.46405E-01    0.78711E+04
    0.47343E-01    0.77357E+04
    0.48299E-01    0.76073E+04
    0.49275E-01    0.74856E+04
    0.50270E-01    0.73699E+04
    0.51286E-01    0.72597E+04
    0.52322E-01    0.71546E+04
    0.53379E-01    0.70540E+04
    0.54457E-01    0.69573E+04
    0.55557E-01    0.68639E+04
    0.56680E-01    0.67730E+04
    0.57825E-01    0.66838E+04
    0.58993E-01    0.65953E+04
    0.60184E-01    0.65062E+04
    0.61400E-01    0.64153E+04
    0.62641E-01    0.63212E+04
    0.63906E-01    0.62225E+04
    0.65197E-01    0.61182E+04
    0.66514E-01    0.60074E+04
    0.67858E-01    0.58897E+04
    0.69229E-01    0.57648E+04
    0.70627E-01    0.56329E+04
    0.72054E-01    0.54945E+04
    0.73510E-01    0.53498E+04
    0.74994E-01    0.51994E+04
    0.76509E-01    0.50438E+04
    0.78055E-01    0.48838E+04
    0.79632E-01    0.47204E+04
    0.81241E-01    0.45549E+04
    0.82882E-01    0.43890E+04
    0.84556E-01    0.42245E+04
    0.86264E-01    0.40633E+04
    0.88007E-01    0.39073E+04
    0.89785E-01    0.37584E+04
    0.91598E-01    0.36178E+04
    0.93449E-01    0.34869E+04
    0.95337E-01    0.33663E+04
    0.97263E-01    0.32566E+04
    0.99227E-01    0.31578E+04
    0.10123E+00    0.30699E+04
    0.10328E+00    0.29927E+04
    0.10536E+00    0.29254E+04
    0.10749E+00    0.28670E+04
    0.10966E+00    0.28158E+04
    0.11188E+00    0.27699E+04
    0.11414E+00    0.27271E+04
    0.11644E+00    0.26851E+04
    0.11880E+00    0.26416E+04
    0.12120E+00    0.25944E+04
    0.12365E+00    0.25418E+04
    0.12614E+00    0.24827E+04
    0.12869E+00    0.24165E+04
    0.13129E+00    0.23433E+04
    0.13394E+00    0.22639E+04
    0.13665E+00    0.21797E+04
    0.13941E+00    0.20923E+04
    0.14223E+00    0.20042E+04
    0.14510E+00    0.19176E+04
    0.14803E+00    0.18353E+04
    0.15102E+00    0.17593E+04
    0.15407E+00    0.16910E+04
    0.15718E+00    0.16312E+04
    0.16036E+00    0.15801E+04
    0.16360E+00    0.15373E+04
    0.16690E+00    0.15018E+04
    0.17028E+00    0.14717E+04
    0.17371E+00    0.14446E+04
    0.17722E+00    0.14179E+04
    0.18080E+00    0.13896E+04
    0.18446E+00    0.13581E+04
    0.18818E+00    0.13221E+04
    0.19198E+00    0.12813E+04
    0.19586E+00    0.12365E+04
    0.19982E+00    0.11892E+04
    0.20386E+00    0.11413E+04
    0.20797E+00    0.10949E+04
    0.21218E+00    0.10519E+04
    0.21646E+00    0.10138E+04
    0.22083E+00    0.98103E+03
    0.22530E+00    0.95351E+03
    0.22985E+00    0.92997E+03
    0.23449E+00    0.90893E+03
    0.23923E+00    0.88864E+03
    0.24406E+00    0.86757E+03
    0.24899E+00    0.84452E+03
    0.25402E+00    0.81911E+03
    0.25915E+00    0.79187E+03
    0.26439E+00    0.76383E+03
    0.26973E+00    0.73646E+03
    0.27518E+00    0.71095E+03
    0.28074E+00    0.68813E+03
    0.28641E+00    0.66815E+03
    0.29219E+00    0.65047E+03
    0.29810E+00    0.63422E+03
    0.30412E+00    0.61827E+03
    0.31026E+00    0.60183E+03
    0.31653E+00    0.58455E+03
    0.32292E+00    0.56660E+03
    0.32945E+00    0.54872E+03
    0.33610E+00    0.53157E+03
    0.34289E+00    0.51571E+03
    0.34982E+00    0.50130E+03
    0.35689E+00    0.48802E+03
    0.36409E+00    0.47541E+03
    0.37145E+00    0.46292E+03
    0.37895E+00    0.45028E+03
    0.38661E+00    0.43758E+03
    0.39442E+00    0.42507E+03
    0.40239E+00    0.41313E+03
    0.41052E+00    0.40194E+03
    0.41881E+00    0.39141E+03
    0.42727E+00    0.38136E+03
    0.43590E+00    0.37153E+03
    0.44471E+00    0.36180E+03
    0.45369E+00    0.35224E+03
    0.46286E+00    0.34297E+03
    0.47221E+00    0.33410E+03
    0.48174E+00    0.32566E+03
    0.49148E+00    0.31752E+03
    0.50141E+00    0.30960E+03
    0.51153E+00    0.30187E+03
    0.52187E+00    0.29433E+03
    0.53241E+00    0.28705E+03
    0.54317E+00    0.28005E+03
    0.55414E+00    0.27328E+03
    0.56533E+00    0.26671E+03
    0.57675E+00    0.26032E+03
    0.58840E+00    0.25411E+03
    0.60029E+00    0.24809E+03
    0.61242E+00    0.24227E+03
    0.62479E+00    0.23662E+03
    0.63741E+00    0.23112E+03
    0.65029E+00    0.22578E+03
    0.66342E+00    0.22060E+03
    0.67683E+00    0.21556E+03
    0.69050E+00    0.21066E+03
    0.70445E+00    0.20590E+03
    0.71868E+00    0.20126E+03
    0.73320E+00    0.19675E+03
    0.74801E+00    0.19236E+03
    0.76312E+00    0.18809E+03
    0.77854E+00    0.18392E+03
    0.79426E+00    0.17986E+03
    0.81031E+00    0.17589E+03
    0.82668E+00    0.17203E+03
    0.84338E+00    0.16826E+03
    0.86041E+00    0.16458E+03
    0.87780E+00    0.16098E+03
    0.89553E+00    0.15747E+03
    0.91362E+00    0.15404E+03
    0.93208E+00    0.15069E+03
    0.95091E+00    0.14740E+03
    0.97011E+00    0.14419E+03
    0.98971E+00    0.14105E+03
    0.10097E+01    0.13797E+03
    0.10301E+01    0.13496E+03
    0.10509E+01    0.13201E+03
    0.10721E+01    0.12911E+03
    0.10938E+01    0.12628E+03
    0.11159E+01    0.12350E+03
    0.11384E+01    0.12077E+03
    0.11614E+01    0.11809E+03
    0.11849E+01    0.11546E+03
    0.12088E+01    0.11288E+03
    0.12333E+01    0.11035E+03
    0.12582E+01    0.10786E+03
    0.12836E+01    0.10542E+03
    0.13095E+01    0.10301E+03
    0.13360E+01    0.10065E+03
    0.13630E+01    0.98334E+02
    0.13905E+01    0.96054E+02
    0.14186E+01    0.93812E+02
    0.14472E+01    0.91608E+02
    0.14765E+01    0.89440E+02
    0.15063E+01    0.87308E+02
    0.15367E+01    0.85212E+02
    0.15678E+01    0.83149E+02
    0.15994E+01    0.81121E+02
    0.16318E+01    0.79126E+02
    0.16647E+01    0.77165E+02
    0.16984E+01    0.75235E+02
    0.17327E+01    0.73337E+02
    0.17677E+01    0.71470E+02
    0.18034E+01    0.69635E+02
    0.18398E+01    0.67830E+02
    0.18770E+01    0.66056E+02
    0.19149E+01    0.64312E+02
    0.19536E+01    0.62597E+02
    0.19930E+01    0.60912E+02
    0.20333E+01    0.59257E+02
    0.20744E+01    0.57630E+02
    0.21163E+01    0.56033E+02
    0.21590E+01    0.54464E+02
    0.22026E+01    0.52924E+02
    0.22471E+01    0.51412E+02
    0.22925E+01    0.49928E+02
    0.23388E+01    0.48473E+02
    0.23861E+01    0.47046E+02
    0.24343E+01    0.45646E+02
    0.24835E+01    0.44274E+02
    0.25336E+01    0.42930E+02
    0.25848E+01    0.41614E+02
    0.26370E+01    0.40324E+02
    0.26903E+01    0.39062E+02
    0.27447E+01    0.37828E+02
    0.28001E+01    0.36620E+02
    0.28567E+01    0.35439E+02
    0.29144E+01    0.34284E+02
    0.29733E+01    0.33157E+02
    0.30333E+01    0.32055E+02
    0.30946E+01    0.30980E+02
    0.31571E+01    0.29931E+02
    0.32209E+01    0.28908E+02
    0.32860E+01    0.27910E+02
    0.33523E+01    0.26938E+02
    0.34201E+01    0.25991E+02
    0.34892E+01    0.25069E+02
    0.35596E+01    0.24172E+02
    0.36316E+01    0.23299E+02
    0.37049E+01    0.22451E+02
    0.37798E+01    0.21626E+02
    0.38561E+01    0.20825E+02
    0.39340E+01    0.20047E+02
    0.40135E+01    0.19292E+02
    0.40946E+01    0.18560E+02
    0.41773E+01    0.17850E+02
    0.42617E+01    0.17162E+02
    0.43478E+01    0.16495E+02
    0.44356E+01    0.15850E+02
    0.45252E+01    0.15225E+02
    0.46166E+01    0.14621E+02
    0.47099E+01    0.14036E+02
    0.48050E+01    0.13471E+02
    0.49021E+01    0.12926E+02
    0.50011E+01    0.12399E+02
    0.51021E+01    0.11890E+02
    0.52052E+01    0.11399E+02
    0.53104E+01    0.10926E+02
    0.54176E+01    0.10469E+02
    0.55271E+01    0.10029E+02
    0.56387E+01    0.96053E+01
    0.57526E+01    0.91971E+01
    0.58689E+01    0.88042E+01
    0.59874E+01    0.84261E+01
    0.61084E+01    0.80624E+01
    0.62318E+01    0.77127E+01
    0.63577E+01    0.73766E+01
    0.64861E+01    0.70535E+01
    0.66171E+01    0.67433E+01
    0.67508E+01    0.64453E+01
    0.68872E+01    0.61593E+01
    0.70263E+01    0.58848E+01
    0.71682E+01    0.56214E+01
    0.73130E+01    0.53689E+01
    0.74608E+01    0.51267E+01
    0.76115E+01    0.48946E+01
    0.77653E+01    0.46722E+01
    0.79221E+01    0.44592E+01
    0.80822E+01    0.42551E+01
    0.82454E+01    0.40597E+01
    0.84120E+01    0.38727E+01
    0.85819E+01    0.36938E+01
    0.87553E+01    0.35225E+01
    0.89322E+01    0.33588E+01
    0.91126E+01    0.32022E+01
    0.92967E+01    0.30524E+01
    0.94845E+01    0.29093E+01
    0.96761E+01    0.27725E+01
    0.98716E+01    0.26418E+01
    0.10071E+02    0.25169E+01
